left camera matrix:
[533.8146626691891, 0, 328.4211400651448;
 0, 528.5415892571966, 236.7558932875783;
 0, 0, 1]
left camera distort coefficient:
[-0.1282917658837106, -0.09040189354168243, 0, 0, 0.1752472742411085, 0.1264276034352549, 0.09908505117936893, -0.2434495778948028, 0, 0, 0, 0, 0, 0]
left camera matrix:
[533.8146626691891, 0, 313.9185095920943;
 0, 528.5415892571966, 241.790112687451;
 0, 0, 1]
right camera distort coefficient:
[-0.1310549262953908, -0.02256274521472804, 0, 0, 0.05579664488326171, 0.1325306426297992, 0.02086080985127792, -0.1301468059463641, 0, 0, 0, 0, 0, 0]
